17.9813 3.3163 -0.00440579 0.00271887 0.398425 -0.267404 841.573 
18.6411 2.91558 -0.00552239 0.00136014 0.107752 0.0859086 588.215 
18.5089 3.81755 0.000157463 -0.00265779 0.0891521 -0.0395063 2221.93 
17.5237 5.29076 -0.0014176 -0.00347032 -0.153984 -0.126492 3892.39 
19.082 3.47577 1.27448e-05 -0.0027069 0.259284 -0.176044 2250.8 
19.5888 3.00146 -0.000811954 -0.00337761 0.309393 0.00747942 565.901 
18.5975 4.55389 -0.00117176 -0.00350697 0.058557 -0.0424339 3758.51 
19.1172 4.17881 -0.000127429 -0.00266374 -0.113761 -0.0336932 3182.23 
19.1684 4.86049 -0.000737079 -0.00322578 -0.0830803 -0.020952 4430.52 
19.6953 4.50702 -7.64228e-05 -0.00302394 -0.111175 0.0284055 2409.24 
19.6721 3.80957 -6.61017e-05 -0.00301706 -0.022693 0.0883958 1617.16 
18.6841 5.84845 -0.00073407 -0.00326447 -0.146823 -0.0382752 5846.24 
19.7181 5.17411 -0.000241206 -0.00337638 0.0485065 -0.0650151 3174.51 
19.1973 5.51045 -0.000532868 -0.0033977 -0.141221 -0.0805363 5478.42 
19.7333 5.81303 -0.000213312 -0.00343446 -0.0568175 -0.0327234 3923.16 
16.2549 3.89566 -0.00432788 -0.00083282 0.0704798 0.0564606 706.404 
17.5 3.84892 -0.00537903 7.71995e-05 0.248866 -0.115654 1862.95 
17.4753 4.61471 -0.00170643 -0.00292213 0.168662 -0.0149769 3083.21 
18.0227 4.252 -0.00164689 -0.00417312 0.227368 0.0595818 3214.44 
16.982 5.67184 -0.00214675 -0.00396923 -0.090096 -0.037551 3597.42 
18.0619 4.92698 -0.00109376 -0.00362066 -0.0274513 -0.131882 3987.01 
16.3907 5.38502 -0.00328975 -0.00216598 0.162091 0.177057 2931.91 
17.1557 6.2641 -0.00281479 -0.00413793 0.0148607 -0.0104978 5629.28 
17.6326 5.91189 -0.00175143 -0.00353083 -0.0375452 0.0373959 5321.58 
18.131 5.56338 -0.00122321 -0.00342338 -0.151192 -0.0870804 5107.59 
18.6452 5.21044 -0.000970113 -0.00328054 -0.130594 0.00267101 4829.45 
18.1842 6.20386 -0.00109011 -0.00379657 -0.0759098 -0.0108508 5999.84 
18.7161 6.46842 -0.000858785 -0.00311728 0.077997 0.0905203 6866.69 
19.2215 6.13894 -0.00057538 -0.0033708 -0.0450875 -0.137871 6496.84 
19.7478 6.43043 -0.000333942 -0.00352244 -0.0339878 -0.0697549 4663.84 
14.4778 5.57166 -0.00384949 0.00220849 -0.0290625 -0.280122 685.683 
16.9206 3.42702 -0.00398753 -0.00112437 0.24581 -0.0749946 565.381 
16.9116 4.23963 -0.00429711 -0.000525894 0.109949 0.0705154 1900.09 
16.9323 4.99242 -0.00255353 -0.00291737 -0.0563041 0.0905831 2992.3 
15.7587 6.38759 -0.0042239 -0.00146311 -0.0969369 0.0505624 2787.06 
16.3979 6.05676 -0.00239006 -0.00214917 -0.247195 0.0634665 2982.3 
16.1687 6.86363 -0.00276044 -0.00339702 0.0985936 0.0462716 5071.99 
16.6864 6.60041 -0.00192358 -0.00231815 0.0169192 -0.083432 5913.38 
16.7172 7.22442 -0.00208633 -0.00300604 0.21104 -0.108739 5905.9 
17.2298 6.91069 -0.00210676 -0.00403509 0.0816572 -0.168449 6207.68 
17.705 6.55895 -0.0021007 -0.00438797 0.0907229 -0.142907 6172.95 
18.2252 6.84987 -0.00133757 -0.00474421 0.180766 0.0375037 6698.04 
18.7523 7.05915 -0.00154185 -0.00228869 0.00285311 -0.00525974 8163.26 
19.2493 6.74907 -0.00117632 -0.00337027 -0.0171421 -0.0266195 7545.02 
19.7657 7.03373 -0.000851391 -0.00405091 -0.00457991 0.0178149 5371.3 
15.5906 4.35513 -0.00453886 -0.00089646 0.0792404 0.0830907 577.556 
15.7942 5.04575 -0.00451074 -0.000903323 0.255385 0.163295 2241.79 
16.3443 4.64414 -0.00430062 -0.00106836 -0.107877 -0.235637 1986.99 
15.7933 5.72738 -0.00317991 -0.00119632 -0.216378 -0.239245 2545.42 
15.1224 6.67616 -0.00404391 0.000398594 0.191017 -0.259797 2311.04 
15.6198 7.11506 -0.00243249 -0.00120974 0.140564 0.0363217 3999.27 
15.6315 7.77945 -0.00147305 -0.000834537 0.456535 0.100467 4287.97 
16.1784 7.50057 -0.00205366 -0.0028097 0.315687 0.141756 5104.57 
16.732 7.83689 -0.00168466 -0.00320974 0.0830109 0.195851 6061.01 
17.2572 7.53341 -0.00151731 -0.00400633 0.0970615 0.105743 6520.32 
17.7574 7.2073 -0.00213906 -0.00498615 0.148783 0.0628828 6728.05 
18.265 7.50416 -0.00195209 -0.00641148 0.027445 0.0604762 6930.73 
18.8057 7.60938 -0.00296849 -0.000728552 -0.0304665 0.0757412 10102.8 
19.2909 7.34739 -0.00238918 -0.0036062 -0.0195122 0.0312448 8785.34 
19.7775 7.63605 6.97185e-05 -0.0058873 -0.0433818 0.024103 6034.09 
14.453 6.30747 -0.00351434 0.00177052 0.593333 -0.17262 1074.44 
15.1336 5.23465 -0.00449725 0.000249566 0.0884537 -0.357168 1075.52 
15.1479 5.98375 -0.0035593 -0.000219122 0.13022 0.107758 1719.33 
14.4982 7.00285 -0.00417219 0.00163607 0.176932 -0.139494 1937.69 
15.0617 7.40448 -0.00237507 0.0001593 0.106325 -0.109525 3231.52 
15.0758 8.08274 -0.0010325 1.68906e-05 0.11587 -0.228941 3515.69 
15.6514 8.42681 -0.000197027 -0.000520183 -0.00906957 -0.0297547 4496.22 
16.1956 8.12789 -0.00114554 -0.00221841 -0.0247955 0.173663 5293.96 
16.7445 8.44757 -0.00100881 -0.00286902 -0.15723 -0.140482 6237.48 
17.2664 8.14359 -0.00158621 -0.00454351 -0.0654676 0.133931 6832.07 
17.779 7.83371 -0.00075661 -0.00492094 -0.0338286 0.135896 7125.6 
18.2732 8.14761 0.00175676 -0.00683421 -0.199275 0.0391813 7338.39 
18.8205 8.1308 0.00330007 0.000147319 -0.0515047 0.0387604 11739.3 
19.3153 7.96321 0.000726779 -0.00635484 -0.0336105 -0.0127467 9633.84 
19.7753 8.22411 0.00015353 -0.00552118 -0.048226 0.00343571 7094.97 
13.8114 7.22314 -0.00391374 0.00463193 0.0792303 -0.405721 598.104 
13.8623 7.99608 -0.00216121 0.00347273 -0.11668 -0.28956 1411.05 
14.4754 7.70671 -0.00204776 0.00166287 -0.131681 -0.471032 2404.97 
14.5074 8.40312 -0.00104879 0.00075925 0.0122293 -0.34921 2696.93 
14.5453 9.10449 0.00126011 -0.00108425 -0.0321912 -0.690155 2833.56 
15.1005 8.75205 0.000601355 -0.000497269 -0.197992 -0.519633 3663.73 
15.6726 9.06847 0.000819351 -4.08613e-05 0.181523 0.0477032 4638.18 
16.2119 8.75165 -0.000299293 -0.00172081 0.167579 0.204839 5451.32 
16.7568 9.05758 -0.000637988 -0.00247673 -0.0842102 -0.128672 6416.47 
17.2739 8.75537 -0.000716898 -0.00464056 -0.228886 0.0222797 7047.85 
17.7751 8.44916 -0.000844846 -0.00683168 -0.22734 0.0119473 7641.43 
18.233 8.79346 -0.00324326 -0.00655131 -0.126412 0.052973 9378.02 
18.7224 8.62538 -0.00215433 -0.000858243 -0.111669 0.0362971 12150.1 
19.2643 8.6407 -0.00068703 -0.00598479 -0.0925936 0.020229 7682.49 
19.7762 8.75653 -0.000623982 -0.00549968 -0.0420394 0.0118947 8507.27 
13.2415 8.36879 -0.00206718 0.00483945 -0.349957 -0.399275 606.448 
13.3469 9.1512 -0.00309451 0.00459429 -0.292033 -1.1783 1075.29 
13.9316 8.74747 -0.00134797 0.00253947 -0.149593 -0.882347 1863.35 
13.9915 9.49739 0.00147936 -0.00241547 -0.659098 -1.33058 2060 
14.5867 9.81812 0.00155542 -0.00339476 -0.459228 -1.42936 2900.9 
15.1286 9.42301 0.00171455 -0.00134907 0.366928 -0.562493 3732.19 
15.7028 9.70613 0.000846994 0.00183807 -0.219631 -0.0274323 4832.76 
16.2325 9.37589 -1.53293e-05 -0.0010476 -0.232678 0.298559 5573.05 
16.776 9.66837 -0.000798432 -0.00139123 -0.179547 0.104079 6686.58 
17.2823 9.36879 -0.00120041 -0.00430618 -0.117699 0.0495274 7474.59 
17.7719 9.08193 -0.00153823 -0.00488781 -0.0529707 0.0166157 8373.37 
18.3321 9.36728 0.0013706 -0.00732679 -0.127202 0.0686258 7999.22 
18.851 9.12976 0.00404578 -0.0034133 -0.0950081 0.0473944 9872.65 
19.3091 9.39724 0.00172491 -0.00108847 -0.0735354 0.0433995 9753.95 
19.8015 9.26626 0.000232412 -0.00569181 -0.0529278 0.0257832 8965.85 
13.0741 10.6178 0.0492744 0.0185229 2.84882 0.278262 630.904 
12.8004 9.68534 -0.00629264 0.00984991 -0.931821 -1.25933 510.312 
13.4683 9.97389 -0.00251405 -0.00826699 -1.62288 -1.89819 1530.9 
14.0691 10.2792 -0.00362237 -0.00899452 -1.25394 -2.11058 2290.96 
14.6592 10.5365 -0.00324484 -0.00835218 -1.77534 -1.62198 3186.18 
15.1708 10.0937 0.00130684 -0.00204151 -0.40335 -0.688731 3898.66 
15.7484 10.3333 -0.00114517 0.00552953 -0.868063 0.363128 5261.48 
16.2651 10.0039 -0.00156278 -0.000612037 -0.223548 0.250551 5727.62 
16.8123 10.2671 -0.00175583 -0.000306137 -0.576062 0.54996 6880.25 
17.3244 9.95919 -0.000787251 -0.00524755 -0.215462 0.176984 7373.89 
17.8311 9.66233 0.000456936 -0.00602238 -0.10844 0.0727603 7871.41 
18.3365 9.96791 0.000188567 -0.0063937 -0.0924713 -0.0216085 8684.52 
18.8282 9.70101 0.000458439 -0.00422074 -0.102576 -0.0104327 9580.27 
19.3016 10.009 0.000998513 -0.00337836 -0.0613863 -0.061392 10060.7 
19.7879 9.79786 0.000537117 -0.00485832 -0.035757 -0.0576407 8077.97 
13.4208 12.276 0.0158334 -0.0035355 1.05865 -0.533305 639.449 
13.1833 11.4514 0.0245522 0.00240288 1.81062 -1.70505 614.567 
13.7402 10.904 0.049664 0.0151548 3.57464 0.339535 1610.94 
14.367 11.1382 0.0521543 0.0142604 3.26857 0.943732 2571.4 
14.9724 11.3409 0.0517123 0.0178148 2.9862 0.0624142 3613.73 
15.2368 10.7634 -0.00339756 -0.00337559 -1.64772 -1.16241 4254.55 
15.81 10.9402 -0.00425273 0.0125483 -1.61209 0.526313 6303.02 
16.3117 10.6411 -0.0050766 -0.00196279 -1.04146 0.399358 5846.51 
16.8378 10.8626 -0.004228 0.00187759 -0.473803 0.133124 7473.83 
17.3444 10.5568 -0.00178341 -0.00695839 -0.276861 0.0920834 7705.37 
17.8437 10.2583 -2.71789e-05 -0.00641775 -0.164856 0.0123567 8209.35 
18.3398 10.5684 0.00217365 -0.00696166 -0.0982126 -0.0896638 8918.42 
18.8249 10.2903 0.00120521 -0.00508694 -0.0604931 -0.0962706 9626.4 
19.3092 10.599 0.000833659 -0.00381666 -0.0178818 -0.0989662 10202.6 
19.7889 10.3479 0.000357662 -0.0043217 -0.0183229 -0.0845208 7377.09 
13.7154 13.0573 0.00774336 -0.00865359 0.489799 -0.679784 687.711 
14.1366 12.4384 0.0161446 -0.00269401 0.362913 -0.632815 1696.47 
13.8761 11.6687 0.0255903 0.00114525 1.49826 -0.692393 1670.93 
14.5185 11.8561 0.0225664 0.00159914 0.695577 -0.136642 2717.53 
15.1403 11.9977 0.0129419 0.0185115 0.61009 -0.140356 3917.36 
15.5785 11.4891 0.0458259 0.0330642 1.84873 2.11639 4829.4 
15.7506 12.0652 0.00242594 0.0392893 -0.619915 1.94364 5486.16 
16.2141 11.3758 0.0293232 -0.0101907 0.216498 -1.39443 5031.21 
16.7879 11.4279 0.0237687 0.00552873 -0.0916087 -0.507222 6972.54 
17.3422 11.1619 0.0082965 -0.0145507 -0.221951 0.16528 7691.32 
17.8475 10.8593 0.00428878 -0.00857069 -0.140701 -0.074271 8332.06 
18.3509 11.1622 0.000928642 -0.00565864 -0.0224416 -0.0837572 9156.47 
18.8319 10.8793 0.00100288 -0.00480888 -0.0220411 -0.0998437 9727.12 
19.3079 11.1864 0.00146345 -0.00410328 0.00504281 -0.104574 10058.8 
19.7889 10.9143 0.00057676 -0.00382592 0.000394552 -0.0953019 6943.74 
14.465 14.4903 -0.0101874 0.0115322 0.615524 0.118664 694.68 
14.0506 13.7933 -0.00790365 0.000714644 -1.6867 -0.0543446 704.886 
14.4527 13.1538 0.00612108 0.00735813 -0.997917 0.448887 1748.38 
14.8066 12.5638 0.0124031 0.0145635 0.180408 0.745616 2749.19 
15.1503 13.1998 0.00702443 0.02437 0.828608 0.293024 2750.16 
15.4609 12.6267 0.0108097 0.0351427 0.184098 0.99099 3858.43 
16.1045 12.6013 0.0156193 0.0227142 0.26762 1.44782 4762.81 
16.3219 11.9873 -0.00443913 0.00498374 -0.478859 -0.250929 5850.71 
16.8847 11.982 -0.00523328 0.0127035 0.0380401 -0.264547 8610.25 
17.3839 11.7403 -0.0109021 -0.0125314 0.293714 0.323239 8372.27 
17.8664 11.4491 0.000142561 -0.00491957 -0.0190059 -0.109463 8701.79 
18.335 11.7731 0.00479807 -0.00816641 -0.0201964 -0.0377229 8597.23 
18.8253 11.4764 0.0026631 -0.00567926 0.000320212 -0.0873659 9365.33 
19.304 11.7769 0.000298765 -0.00293552 0.0219066 -0.14538 9575.52 
19.784 11.489 0.000170687 -0.00311333 0.00951726 -0.13288 6549.23 
14.9537 15.1494 -0.00332846 0.0213206 -0.753721 0.663037 669.124 
15.2049 14.4438 -0.0114028 0.0199583 0.687632 1.38797 1734.84 
14.7917 13.8112 -0.0109781 0.0147471 -0.633123 0.10278 1793.59 
15.4751 13.7944 -0.0107915 0.0232129 -1.38486 1.15025 2844.97 
16.1105 13.7572 -0.0164617 0.0359095 -1.1045 1.36928 4014.19 
15.8364 13.1823 0.0208615 0.0243667 0.725279 1.59541 3531.11 
16.5047 13.122 0.0284592 0.0188732 1.46179 0.337242 4278.83 
16.7074 12.5443 0.0103486 0.0128711 -0.279489 -0.395967 6010.9 
17.3092 12.3678 0.00797119 -0.0081109 0.135399 0.00441946 7390.42 
17.7801 12.6876 0.0132536 -0.0195751 0.0152343 0.490558 7074.33 
17.8383 12.0819 0.00087567 -0.020789 0.0930764 0.499499 7991.27 
18.3204 12.3809 -0.00131667 -0.0072741 0.197021 -0.162797 8058.73 
18.8179 12.0751 0.000397051 -0.00345827 0.0869954 -0.18948 8827.76 
19.2988 12.3795 -0.00135347 -0.00266185 0.0084142 -0.099466 8853.17 
19.7793 12.0816 -0.000240905 -0.00296106 -0.0227446 -0.101881 5889.59 
15.5074 15.7896 0.0160634 0.0277541 1.4136 1.77501 581.009 
16.3646 14.9702 0.00161253 0.0383475 0.061922 1.05343 2375.44 
15.8843 14.3942 -0.00979704 0.0333979 -0.227272 1.02125 2669.78 
16.5269 14.3104 -0.00855527 0.0364514 -0.0552895 0.571569 3678.44 
17.0086 14.7754 0.000930288 0.0177538 0.251766 -0.760388 3540.78 
16.7065 13.6858 -0.0234594 0.0361844 -0.552663 0.255671 5499.31 
17.147 14.144 -0.00790117 0.0153028 -0.255261 -1.27473 4949.76 
17.1633 12.9536 0.0251231 -0.00580659 -0.443852 -0.613718 5254.38 
17.2644 13.5248 -0.0300291 0.00995603 -0.393219 -0.654975 6631.67 
17.7328 13.9005 -0.0144503 -0.0106747 0.0483628 0.0789343 5917.32 
17.7833 13.2663 -0.0301547 -0.017546 0.601739 0.410058 6847.01 
18.3025 12.9767 -0.00569732 9.50922e-05 -0.219794 -0.247318 7465.26 
18.8116 12.6827 -0.00498764 -0.00384893 -0.0124464 -0.00237354 8213.98 
19.2865 13.0032 -0.00343549 -0.00574055 -0.0710685 0.0464017 7921.03 
19.7714 12.6947 -0.000437202 -0.00415827 0.00668681 -0.0419464 5192.46 
15.6899 15.0654 -0.0013017 0.0301137 -0.74319 0.522921 1622.06 
16.8027 16.2726 0.0440584 0.0263931 1.52691 0.133951 568.555 
16.8827 15.4506 0.0153416 0.0205473 0.44591 0.0703487 2324.76 
17.4076 15.8848 0.0265525 0.00167323 1.29098 -0.854116 2158.18 
18.5158 16.008 0.00612216 -0.0069658 -0.0418687 0.0042709 2409.64 
17.5175 15.185 0.0091344 -0.000650512 -0.356749 1.04242 3386.16 
18.6235 15.2882 0.00558553 -0.0154316 -0.291333 0.0855779 3853.25 
18.0247 15.5918 0.0145902 -0.011044 0.705996 -0.0667472 3040.07 
17.6317 14.5343 3.07156e-05 -0.00287547 0.153847 0.151931 4602.07 
18.1269 14.9103 0.00455273 -0.0116722 -0.265341 -0.427749 4276.13 
18.2129 14.2564 -0.00846318 -0.0154503 0.315307 -0.0887604 5488.64 
18.2692 13.6071 -0.0193668 -0.0161585 0.634695 0.323733 6504.97 
18.7847 13.3061 -0.00445748 -0.00393514 -0.28319 -0.0936691 7208.23 
19.2623 13.6408 -0.00220735 -0.00788149 -0.109316 -0.129365 6842.64 
19.7609 13.3274 -0.000943826 -0.00777371 -0.00494341 0.0678804 4522.24 
16.2403 15.7091 0.0215815 0.0430949 1.20186 1.22771 1147.51 
17.8607 16.3954 0.0153056 0.00902594 -0.93292 0.448375 1157.91 
18.46 16.7768 0.0202932 -0.00102632 -0.283206 0.0146238 1029.38 
19.0724 16.3663 0.0071712 -0.0144057 0.105152 0.812876 2235.29 
19.087 17.1923 0.0196684 -0.000845003 1.29549 0.441546 629.405 
19.1305 15.6574 0.00167953 -0.0155433 0.538044 -0.841227 3363.71 
19.6436 16.7292 0.00359675 -0.0172296 0.447627 0.145419 1128.64 
19.6747 16.0045 0.00164883 -0.0186629 0.436161 0.126622 1875.75 
19.1921 14.968 -0.00121281 -0.018674 -0.204361 -0.54075 4614 
18.6984 14.6126 -0.00356657 -0.0184409 0.152836 0.307878 5091.83 
19.7038 15.3151 -0.000551854 -0.0184192 0.0912651 0.349624 2521.19 
18.7487 13.9515 -0.0108711 -0.0163085 0.926877 0.312337 6176.61 
19.233 14.2959 -0.00505313 -0.0166534 0.59255 -0.199831 5754.71 
19.7282 14.637 -0.00121106 -0.016538 0.0672564 0.265245 3173.31 
19.7461 13.974 -9.42669e-05 -0.0107158 -0.10607 -0.204197 3846.68 
